2197389106 1911800263 305927673
3117278994 244526473 20512291
2957263700 4069704360 136102838
1536592951 2749121858 245216219
3093366538 840656765 23912456
815267737 2718368501 30753357
3137791285 3392529258 82147206
3770129899 390297301 198889495
2168252150 2217727936 29136956
770420674 2367771416 44847063
3304122356 4205807198 44047643
94626393 318562852 71734449
2518697514 2262245627 10899396
1967704281 265038764 53524088
846021094 2994338077 264934624
1215514867 3881882833 187821527
1781809170 2556752263 100818318
1882627488 1690877042 85076793
208796777 631622731 209034034
2583608714 3508227847 39876494
519341481 1587040614 19652563
599791964 104559149 139967324
3430004623 1246915338 340125276
1110955718 0 104559149
2623485208 3548104341 333778492
1403336394 3259272701 133256557
0 2273145023 94626393
2529596910 1857788459 54011804
166360842 589186796 42435935
3219938491 1606693177 84183865
2165362153 3505337850 2889997
2021228369 2412618479 72557496
538994044 2657570581 60797920
739759288 3474676464 30661386
417830811 1154801218 92114120
509944931 864569221 9396550
2093785865 2485175975 71576288
3969019394 873965771 280835447
2503316779 2246864892 15380735
3348169999 1775953835 81834624
