347042062 4204488573 2962316
877642375 2878291222 23518224
3638916554 3484768713 5466055
2890676240 3280663590 83564486
201731623 3228655138 52008452
1692198890 1946017811 25211210
1717410100 1270737209 92827656
3598929376 3630765534 39987178
2226479211 1578430526 262844314
687169155 3670752712 117494406
3884728324 1515480569 62949957
3494186405 1841274840 104742971
2753482998 2630924017 120642845
572458731 2235388494 114710424
3947678281 3490234768 140530766
3433348031 3167816764 60838374
350004378 2406580589 222454353
804663561 1442501755 72978814
4132461733 2901809446 35781203
4088209047 2937590649 38937925
1441554453 2350098918 56481671
3644382609 201731623 240345715
2489323525 1971229021 264159473
2974240726 3086380958 81435806
4127146972 3364228076 5314761
901160599 4207450889 87516407
988677006 442077338 350976352
1498036124 3369542837 115225876
1810237756 3788247118 416241455
1613262000 1363564865 78936890
253740075 2993078971 93301987
3055676532 894954785 375782424
1339653358 793053690 101901095
2874125843 2976528574 16550397
3431458956 2629034942 1889075
4168242936 2751566862 126724360
