1088722200 1345179841 10000894
4202170199 3029124889 92797097
3016749137 3130683307 53232372
534766220 331633133 9297796
190275035 286706851 44926282
3069981509 1355180735 96127340
1579189291 3913052943 379484702
3918942962 3793498681 21754451
262413801 377451173 88614642
2452226090 2443004441 143726844
1958673993 2586731285 188604820
2595952934 3815253132 97799811
882433672 754981589 206288528
608195463 3121921986 8761321
393888178 145828809 140878042
3166108849 1530740045 97835767
351028443 139489318 6339491
3410232629 961270117 222147493
2449796439 4292537645 2429651
2401067597 1890048598 48728842
3263944616 2376148398 66856043
3330800659 1451308075 79431970
3632380122 2019388074 205952206
1548873457 1323582243 21597598
2693752745 2225340280 142089882
357367934 340930929 36520244
0 493278299 50785717
768194739 645497224 68742488
2876584504 1183417610 140164633
235201317 466065815 27212484
1570471055 2367430162 8718236
2147278813 2775336105 253788784
874238988 3335153634 8194684
2835842627 714239712 40741877
3838332328 1938777440 80610634
50785717 0 139489318
616956784 3183915679 151237955
836937227 608195463 37301761
1098723094 3343348318 450150363
3940697413 1628575812 261472786
