226793587 358613369 356867344
0 1838890301 226793587
2741010192 0 358613369
2257843811 715480713 173982825
3099623561 1264222741 3082010
1810570233 2912833547 326150077
4038242924 3815312886 256724372
2431826636 3268919687 279247493
866869902 1671637223 167253078
3102705571 889463538 374759203
1615333950 2646894858 125679350
2136720310 1550513722 121123501
3477464774 2772574208 140259339
1034122980 2065683888 581210970
2711074129 3238983624 29936063
583660931 1267304751 283208971
1741013300 3548167180 69556933
3815312886 4072037258 222930038
