3865679795 3411240257 137388137
0 569718370 128927628
2284256983 1093255418 349419361
2189606444 2745948834 16886013
3861728218 3796217004 3951577
700036088 2134161201 67667679
2639129496 1078899666 14355752
4003067932 4146768977 27598493
569558723 2311178479 130477365
4125126694 3887925067 11822916
1884679865 1442674779 129657290
2633676344 1572332069 5453152
862461784 1577785221 531688422
4030666425 4120171499 26597478
195554894 115268399 39538402
235093296 235252943 334465427
2132287170 698645998 57319274
4158735055 3550090086 136232241
2206492457 157488417 77764526
3562496130 3899747983 220423516
2653485248 2201828880 109349599
2014337155 154806801 2681616
1580787383 2536413861 97415145
3453031511 3880534101 7390966
1394150206 2633829006 45492562
4057263903 3686322327 7821024
4157273363 3548628394 1461692
3460422477 3694143351 102073653
4136949610 3800168581 20323753
1678202528 872422329 206477337
1556099825 2109473643 24687558
128927628 2679321568 66627266
2017018771 0 115268399
4065084927 3820492334 60041767
3411240257 4253176042 41791254
767703767 2441655844 94758017
1439642768 755965272 116457057
3782919646 4174367470 78808572
